{
 "cells": [
  {
   "cell_type": "markdown",
   "metadata": {},
   "source": [
    "# chainerRL\n",
    "## install and environment\n",
    " - Ubuntu 16.04 LTS\n",
    "```\n",
    "git clone https://github.com/yyuu/pyenv.git ~/.pyenv\n",
    "echo 'export PYENV_ROOT=\"$HOME/.pyenv\"' >> ~/.bashrc\n",
    "echo 'export PATH=\"$PYENV_ROOT/bin:$PATH\"' >> ~/.bashrc\n",
    "echo 'eval \"$(pyenv init -)\"' >> ~/.bashrc\n",
    "source ~/.bashrc\n",
    "pyenv install -l | grep ana #最新のパッケージを検索\n",
    "pyenv install anaconda3-5.0.1\n",
    "pyenv rehash\n",
    "pyenv global anaconda3-5.0.1\n",
    "echo 'export PATH=\"$PYENV_ROOT/versions/anaconda3-5.0.1/bin/:$PATH\"' >> ~/.bashrc\n",
    "source ~/.bashrc\n",
    "conda update conda\n",
    "pip install tensorflow keras chainerrl gym chainer\n",
    "```\n",
    " - cpu only"
   ]
  },
  {
   "cell_type": "markdown",
   "metadata": {},
   "source": [
    "## import library"
   ]
  },
  {
   "cell_type": "code",
   "execution_count": 1,
   "metadata": {
    "collapsed": true
   },
   "outputs": [],
   "source": [
    "import chainer\n",
    "import chainer.functions as F\n",
    "import chainer.links as L\n",
    "import chainerrl\n",
    "import numpy as np"
   ]
  },
  {
   "cell_type": "markdown",
   "metadata": {},
   "source": [
    "## Game Board\n",
    " - init ゲームボードの初期化。各エピソードの開始前に実行\n",
    "   - self\n",
    "     - board 9マス in float32\n",
    "     - winner 勝利者\n",
    "     - missed \n",
    "     - done 完了状態\n",
    " - reset resetと同様\n",
    " - move 手の配置の実行。配置後に勝敗判定やミス（置けないマスへの配置）、ゲーム終了を判定。\n",
    " - check_winner 勝利判定。\n",
    " - get_empty_pos 配置可能なマスのインデックスのうち一つをランダムで取得。ランダム打ちさせる時に使用。epsilon greedy用。\n",
    " - show ボードの状態を表示。人間との対戦用。\n",
    " \n",
    " ### Game Board\n",
    " |0|1|2|  \n",
    " |3|4|5|  \n",
    " |6|7|8|  \n",
    " "
   ]
  },
  {
   "cell_type": "code",
   "execution_count": 2,
   "metadata": {
    "collapsed": true
   },
   "outputs": [],
   "source": [
    "class Board():\n",
    "    def __init__(self):\n",
    "        self.board = np.array([0] * 9, dtype=np.float32)\n",
    "        self.winner = None\n",
    "        self.missed = False\n",
    "        self.done   = False\n",
    "        \n",
    "    def reset(self):\n",
    "        self.board = np.array([0] * 9, dtype=np.float32)\n",
    "        self.winner = None\n",
    "        self.missed = False\n",
    "        self.done   = False\n",
    "\n",
    "    def move(self, act, turn):\n",
    "        if self.board[act] == 0:\n",
    "            self.board[act] = turn\n",
    "            self.check_winner()\n",
    "        else:\n",
    "            self.winner = turn*-1\n",
    "            self.missed = True\n",
    "            self.done = True\n",
    "\n",
    "    def check_winner(self):\n",
    "        # Define Win Condition Patern\n",
    "        win_conditions = ((0,1,2),(3,4,5),(6,7,8),(0,3,6),(1,4,7),(2,5,8),(0,4,8),(2,4,6))\n",
    "        for cond in win_conditions:\n",
    "            if self.board[cond[0]] == self.board[cond[1]] == self.board[cond[2]]:\n",
    "                if self.board[cond[0]]!=0:\n",
    "                    self.winner=self.board[cond[0]]\n",
    "                    self.done = True\n",
    "                    return\n",
    "        if np.count_nonzero(self.board) == 9:\n",
    "            self.winner = 0\n",
    "            self.done = True\n",
    "\n",
    "    def get_empty_pos(self):\n",
    "        # Get empties position on Game Board\n",
    "        empties = np.where(self.board==0)[0]\n",
    "        # if there are empty position over one, Computer choice random position\n",
    "        if len(empties) > 0:\n",
    "            return np.random.choice(empties)\n",
    "        else:\n",
    "            return 0\n",
    "\n",
    "    def show(self):\n",
    "        row = \" {} | {} | {} \"\n",
    "        hr = \"\\n-----------\\n\"\n",
    "        tempboard = []\n",
    "        for i in self.board:\n",
    "            if i == 1:\n",
    "                tempboard.append(\"○\")\n",
    "            elif i == -1:\n",
    "                tempboard.append(\"×\")\n",
    "            else:\n",
    "                tempboard.append(\" \")\n",
    "        print((row + hr + row + hr + row).format(*tempboard))"
   ]
  },
  {
   "cell_type": "markdown",
   "metadata": {},
   "source": [
    "## Random Actor\n",
    "局所解に陥らないよう、random explorerを行う。\n",
    "\n",
    "あとで統計情報としてどの程度この関数が使用されたか（DQNが考えた手でなくランダムで返したか）を把握できるように、カウンターをインクリメントする。\n",
    "Boardのget_empty_posを呼び出して、配置可能なマスを取得し、呼び出し元にreturnする。"
   ]
  },
  {
   "cell_type": "code",
   "execution_count": 3,
   "metadata": {
    "collapsed": true
   },
   "outputs": [],
   "source": [
    "#explorer用のランダム関数オブジェクト\n",
    "class RandomActor:\n",
    "    def __init__(self, board):\n",
    "        self.board = board\n",
    "        self.random_count = 0\n",
    "        \n",
    "    def random_action_func(self):\n",
    "        self.random_count += 1\n",
    "        return self.board.get_empty_pos()"
   ]
  },
  {
   "cell_type": "markdown",
   "metadata": {},
   "source": [
    "## Q-Function\n",
    "ChainerRLでNNの実装。\n",
    " - obs_size\n",
    "   - 環境から得られる情報量\n",
    " - n_action\n",
    "   - DQNで得られるaction数\n",
    " - n_hidden_channels\n",
    "   - 隠れ層の数"
   ]
  },
  {
   "cell_type": "code",
   "execution_count": 4,
   "metadata": {
    "collapsed": true
   },
   "outputs": [],
   "source": [
    "#Q関数\n",
    "class QFunction(chainer.Chain):\n",
    "    def __init__(self, obs_size, n_actions, n_hidden_channels=81):\n",
    "        super().__init__(\n",
    "            l0=L.Linear(obs_size, n_hidden_channels),\n",
    "            l1=L.Linear(n_hidden_channels, n_hidden_channels),\n",
    "            l2=L.Linear(n_hidden_channels, n_hidden_channels),\n",
    "            l3=L.Linear(n_hidden_channels, n_actions))\n",
    "        \n",
    "    def __call__(self, x, test=False):\n",
    "        #-1を扱うのでleaky_reluとした\n",
    "        h = F.leaky_relu(self.l0(x))\n",
    "        h = F.leaky_relu(self.l1(h))\n",
    "        h = F.leaky_relu(self.l2(h))\n",
    "        return chainerrl.action_value.DiscreteActionValue(self.l3(h))"
   ]
  },
  {
   "cell_type": "markdown",
   "metadata": {},
   "source": [
    "## Prepare Environment and Agent\n",
    "### 補足\n",
    " - LinearDecayEpsilonGreedy\n",
    "   - epsilon-greedyのやり方を、コンスタントな値でなく、徐々に減らしていく方式\n",
    " - LinearDecayEpsilonGreedy関数\n",
    "   - random_action_func\n",
    "     - epsilon-greedyする際に必要な関数を渡す必要がある\n",
    "     - 自作した関数(random_action_func)の引数は同時に渡せない\n",
    "     - RandomActor Objectのメンバ変数にBoardの参照を渡して、引数なしに自作した関数を呼ばせる\n",
    "     - epsilon is decrease from start to end epsilon among decay steps \n",
    "\n",
    "Agentはoptimizerやreplay_bufferを共有するP1とP2を生成し互いに戦わせる"
   ]
  },
  {
   "cell_type": "code",
   "execution_count": 5,
   "metadata": {},
   "outputs": [],
   "source": [
    "b  = Board()        # ボードの準備\n",
    "ra = RandomActor(b) # explorer用のランダム関数オブジェクトの準備\n",
    "obs_size  = 9       # 環境の次元数（9つのマス）\n",
    "n_actions = 9       # 選択の数（最大9マスのどれかを選ぶことができる）\n",
    "\n",
    "# Q-functionとオプティマイザーのセットアップ\n",
    "q_func    = QFunction(obs_size, n_actions)\n",
    "optimizer = chainer.optimizers.Adam(eps=1e-2)\n",
    "optimizer.setup(q_func)\n",
    "\n",
    "gamma = 0.95 # 報酬の割引率\n",
    "# Epsilon-greedyを使ってたまに冒険。50000ステップでend_epsilonとなる\n",
    "explorer = chainerrl.explorers.LinearDecayEpsilonGreedy(\n",
    "    start_epsilon=1.0, end_epsilon=0.3, decay_steps=50000,\n",
    "    random_action_func=ra.random_action_func)\n",
    "\n",
    "# Experience ReplayというDQNで用いる学習手法で使うバッファ(10^6)\n",
    "replay_buffer = chainerrl.replay_buffer.ReplayBuffer(capacity=10 ** 6)\n",
    "\n",
    "# Agentの生成（replay_buffer等を共有する2つ）\n",
    "agent_p1 = chainerrl.agents.DoubleDQN(\n",
    "    q_func, optimizer, replay_buffer, gamma, explorer,\n",
    "    replay_start_size=500, update_interval=1,\n",
    "    target_update_interval=100)\n",
    "\n",
    "agent_p2 = chainerrl.agents.DoubleDQN(\n",
    "    q_func, optimizer, replay_buffer, gamma, explorer,\n",
    "    replay_start_size=500, update_interval=1,\n",
    "    target_update_interval=100)"
   ]
  },
  {
   "cell_type": "markdown",
   "metadata": {},
   "source": [
    "## Game Start\n",
    "先攻も後攻もAgent自身で、ゲームでは内部的に○×の変わりに自身の手を1、相手の手を-1としてボードに配置していく。\n",
    "先攻後攻どちらの環境・アクションも学習させるため、ゲーム進行内で符号を出し分けるのではなく、常にボードには1を配置する。"
   ]
  },
  {
   "cell_type": "code",
   "execution_count": 6,
   "metadata": {},
   "outputs": [
    {
     "name": "stdout",
     "output_type": "stream",
     "text": [
      "episode: 100  / rnd: 765  / miss: 2  / win: 88  / draw: 10  / statistics: [('average_q', 0.11796040232930016), ('average_loss', 0.10419970309939416)]  / epsilon: 0.994512\n",
      "episode: 200  / rnd: 765  / miss: 3  / win: 83  / draw: 14  / statistics: [('average_q', 0.3387417098760484), ('average_loss', 0.1357199689856354)]  / epsilon: 0.989066\n",
      "episode: 300  / rnd: 743  / miss: 1  / win: 86  / draw: 13  / statistics: [('average_q', 0.5873966454809595), ('average_loss', 0.12998378565300128)]  / epsilon: 0.98383\n",
      "episode: 400  / rnd: 709  / miss: 10  / win: 82  / draw: 8  / statistics: [('average_q', 0.7833747800566158), ('average_loss', 0.11772076085455689)]  / epsilon: 0.979168\n",
      "episode: 500  / rnd: 730  / miss: 6  / win: 78  / draw: 16  / statistics: [('average_q', 0.9074705349858682), ('average_loss', 0.10884458429176386)]  / epsilon: 0.973904\n",
      "episode: 600  / rnd: 718  / miss: 4  / win: 84  / draw: 12  / statistics: [('average_q', 1.0956668627064297), ('average_loss', 0.13227864266463313)]  / epsilon: 0.968794\n",
      "episode: 700  / rnd: 710  / miss: 11  / win: 77  / draw: 12  / statistics: [('average_q', 1.2794283081866917), ('average_loss', 0.12968986498190815)]  / epsilon: 0.9636\n",
      "episode: 800  / rnd: 676  / miss: 10  / win: 82  / draw: 8  / statistics: [('average_q', 1.340887104758779), ('average_loss', 0.11493078594909802)]  / epsilon: 0.95793\n",
      "episode: 900  / rnd: 710  / miss: 10  / win: 77  / draw: 13  / statistics: [('average_q', 1.2807650754452529), ('average_loss', 0.09617943918980609)]  / epsilon: 0.952666\n",
      "episode: 1000  / rnd: 697  / miss: 10  / win: 76  / draw: 14  / statistics: [('average_q', 1.1990505675429133), ('average_loss', 0.08782878008100685)]  / epsilon: 0.9482700000000001\n",
      "episode: 1100  / rnd: 693  / miss: 10  / win: 79  / draw: 11  / statistics: [('average_q', 1.142406447083587), ('average_loss', 0.08654411210069142)]  / epsilon: 0.943132\n",
      "episode: 1200  / rnd: 678  / miss: 13  / win: 77  / draw: 10  / statistics: [('average_q', 1.0904915296475697), ('average_loss', 0.0903106421360875)]  / epsilon: 0.937994\n",
      "episode: 1300  / rnd: 700  / miss: 11  / win: 78  / draw: 11  / statistics: [('average_q', 1.0627726101989008), ('average_loss', 0.08157828835970503)]  / epsilon: 0.932058\n",
      "episode: 1400  / rnd: 683  / miss: 10  / win: 80  / draw: 10  / statistics: [('average_q', 1.0418649779703402), ('average_loss', 0.08298198365891608)]  / epsilon: 0.927802\n",
      "episode: 1500  / rnd: 670  / miss: 11  / win: 77  / draw: 12  / statistics: [('average_q', 1.0120322694849868), ('average_loss', 0.08675220614545827)]  / epsilon: 0.921936\n",
      "episode: 1600  / rnd: 659  / miss: 9  / win: 83  / draw: 8  / statistics: [('average_q', 1.0178408804491443), ('average_loss', 0.08956530661600474)]  / epsilon: 0.916896\n",
      "episode: 1700  / rnd: 670  / miss: 9  / win: 79  / draw: 12  / statistics: [('average_q', 1.006882880892068), ('average_loss', 0.08674460364181408)]  / epsilon: 0.911702\n",
      "episode: 1800  / rnd: 649  / miss: 8  / win: 82  / draw: 10  / statistics: [('average_q', 1.005805034948769), ('average_loss', 0.08548494015236524)]  / epsilon: 0.906676\n",
      "episode: 1900  / rnd: 666  / miss: 10  / win: 78  / draw: 12  / statistics: [('average_q', 0.9742434003594564), ('average_loss', 0.0882234562947626)]  / epsilon: 0.902252\n",
      "episode: 2000  / rnd: 638  / miss: 7  / win: 84  / draw: 9  / statistics: [('average_q', 0.957934788915543), ('average_loss', 0.08452385689255791)]  / epsilon: 0.8964\n",
      "episode: 2100  / rnd: 636  / miss: 10  / win: 78  / draw: 12  / statistics: [('average_q', 0.9753223187791005), ('average_loss', 0.09330032472506884)]  / epsilon: 0.891262\n",
      "episode: 2200  / rnd: 644  / miss: 8  / win: 83  / draw: 9  / statistics: [('average_q', 0.9581140579477424), ('average_loss', 0.08773087145074533)]  / epsilon: 0.886236\n",
      "episode: 2300  / rnd: 633  / miss: 7  / win: 86  / draw: 7  / statistics: [('average_q', 0.959901945331387), ('average_loss', 0.0873076883563472)]  / epsilon: 0.882092\n",
      "episode: 2400  / rnd: 663  / miss: 11  / win: 82  / draw: 7  / statistics: [('average_q', 0.9586844610535197), ('average_loss', 0.09207395588656792)]  / epsilon: 0.876044\n",
      "episode: 2500  / rnd: 653  / miss: 10  / win: 81  / draw: 9  / statistics: [('average_q', 0.9706619076690015), ('average_loss', 0.093197433651735)]  / epsilon: 0.870836\n",
      "episode: 2600  / rnd: 617  / miss: 12  / win: 78  / draw: 10  / statistics: [('average_q', 0.9598428681685867), ('average_loss', 0.08952953647766738)]  / epsilon: 0.86658\n",
      "episode: 2700  / rnd: 596  / miss: 13  / win: 79  / draw: 8  / statistics: [('average_q', 0.9378851302208746), ('average_loss', 0.08934048065106295)]  / epsilon: 0.861666\n",
      "episode: 2800  / rnd: 619  / miss: 4  / win: 92  / draw: 4  / statistics: [('average_q', 0.9382262534976094), ('average_loss', 0.09096732873255176)]  / epsilon: 0.855898\n",
      "episode: 2900  / rnd: 621  / miss: 9  / win: 82  / draw: 9  / statistics: [('average_q', 0.9191624146314437), ('average_loss', 0.08616453090178741)]  / epsilon: 0.85076\n",
      "episode: 3000  / rnd: 610  / miss: 8  / win: 77  / draw: 15  / statistics: [('average_q', 0.9043637540882109), ('average_loss', 0.08876341945502514)]  / epsilon: 0.846518\n",
      "episode: 3100  / rnd: 588  / miss: 8  / win: 86  / draw: 6  / statistics: [('average_q', 0.896613269824454), ('average_loss', 0.09081484467190823)]  / epsilon: 0.840736\n",
      "episode: 3200  / rnd: 616  / miss: 5  / win: 85  / draw: 10  / statistics: [('average_q', 0.907178244817969), ('average_loss', 0.09071658100761856)]  / epsilon: 0.836508\n",
      "episode: 3300  / rnd: 610  / miss: 10  / win: 82  / draw: 8  / statistics: [('average_q', 0.8997609007416578), ('average_loss', 0.08916978438669815)]  / epsilon: 0.831342\n",
      "episode: 3400  / rnd: 620  / miss: 4  / win: 90  / draw: 6  / statistics: [('average_q', 0.8906818434245896), ('average_loss', 0.08603099370131183)]  / epsilon: 0.8261620000000001\n",
      "episode: 3500  / rnd: 595  / miss: 4  / win: 88  / draw: 8  / statistics: [('average_q', 0.8835101030609978), ('average_loss', 0.09168562952679402)]  / epsilon: 0.821108\n",
      "episode: 3600  / rnd: 591  / miss: 10  / win: 88  / draw: 2  / statistics: [('average_q', 0.8953992633944013), ('average_loss', 0.09202514533296792)]  / epsilon: 0.815032\n",
      "episode: 3700  / rnd: 603  / miss: 7  / win: 80  / draw: 13  / statistics: [('average_q', 0.898150947716633), ('average_loss', 0.09165034567521432)]  / epsilon: 0.8110280000000001\n",
      "episode: 3800  / rnd: 566  / miss: 6  / win: 88  / draw: 6  / statistics: [('average_q', 0.896524186597641), ('average_loss', 0.09163840719313521)]  / epsilon: 0.804952\n",
      "episode: 3900  / rnd: 597  / miss: 4  / win: 85  / draw: 11  / statistics: [('average_q', 0.8880485667384308), ('average_loss', 0.09117787985296427)]  / epsilon: 0.801032\n",
      "episode: 4000  / rnd: 570  / miss: 8  / win: 83  / draw: 9  / statistics: [('average_q', 0.8787053146121033), ('average_loss', 0.09160687526029185)]  / epsilon: 0.79469\n",
      "episode: 4100  / rnd: 591  / miss: 6  / win: 83  / draw: 11  / statistics: [('average_q', 0.8586535015338559), ('average_loss', 0.08891418557169502)]  / epsilon: 0.790868\n",
      "episode: 4200  / rnd: 566  / miss: 3  / win: 86  / draw: 11  / statistics: [('average_q', 0.8494953228945091), ('average_loss', 0.09053112373483477)]  / epsilon: 0.7845260000000001\n",
      "episode: 4300  / rnd: 543  / miss: 6  / win: 87  / draw: 7  / statistics: [('average_q', 0.8372619670256694), ('average_loss', 0.08647110699252021)]  / epsilon: 0.779556\n",
      "episode: 4400  / rnd: 565  / miss: 6  / win: 85  / draw: 9  / statistics: [('average_q', 0.8359974147150045), ('average_loss', 0.0895791188534803)]  / epsilon: 0.775552\n",
      "episode: 4500  / rnd: 564  / miss: 4  / win: 81  / draw: 15  / statistics: [('average_q', 0.8387636273960473), ('average_loss', 0.09458067300857044)]  / epsilon: 0.769294\n",
      "episode: 4600  / rnd: 520  / miss: 3  / win: 96  / draw: 1  / statistics: [('average_q', 0.8583526112041278), ('average_loss', 0.09145688663000748)]  / epsilon: 0.765626\n",
      "episode: 4700  / rnd: 557  / miss: 7  / win: 82  / draw: 11  / statistics: [('average_q', 0.838300201890709), ('average_loss', 0.08930876333604656)]  / epsilon: 0.760488\n",
      "episode: 4800  / rnd: 542  / miss: 3  / win: 87  / draw: 10  / statistics: [('average_q', 0.8451038114025581), ('average_loss', 0.08811170114648005)]  / epsilon: 0.755532\n"
     ]
    },
    {
     "name": "stdout",
     "output_type": "stream",
     "text": [
      "episode: 4900  / rnd: 548  / miss: 5  / win: 89  / draw: 6  / statistics: [('average_q', 0.8447866480266372), ('average_loss', 0.09296305899266825)]  / epsilon: 0.750464\n",
      "episode: 5000  / rnd: 529  / miss: 4  / win: 90  / draw: 6  / statistics: [('average_q', 0.8336019065844236), ('average_loss', 0.09288730451604757)]  / epsilon: 0.744318\n",
      "episode: 5100  / rnd: 558  / miss: 5  / win: 86  / draw: 9  / statistics: [('average_q', 0.8397340651257682), ('average_loss', 0.09089364325388923)]  / epsilon: 0.739082\n",
      "episode: 5200  / rnd: 533  / miss: 3  / win: 87  / draw: 10  / statistics: [('average_q', 0.8299081065872168), ('average_loss', 0.08528103070034489)]  / epsilon: 0.735274\n",
      "episode: 5300  / rnd: 514  / miss: 3  / win: 85  / draw: 12  / statistics: [('average_q', 0.8171380291325431), ('average_loss', 0.08859431821011361)]  / epsilon: 0.730192\n",
      "episode: 5400  / rnd: 525  / miss: 8  / win: 83  / draw: 9  / statistics: [('average_q', 0.8421638839498023), ('average_loss', 0.09058070591173309)]  / epsilon: 0.72539\n",
      "episode: 5500  / rnd: 503  / miss: 4  / win: 87  / draw: 9  / statistics: [('average_q', 0.8478611386858015), ('average_loss', 0.09030083064450788)]  / epsilon: 0.719174\n",
      "episode: 5600  / rnd: 500  / miss: 0  / win: 84  / draw: 16  / statistics: [('average_q', 0.8322137757288794), ('average_loss', 0.08532333566604121)]  / epsilon: 0.715492\n",
      "episode: 5700  / rnd: 519  / miss: 3  / win: 86  / draw: 11  / statistics: [('average_q', 0.8205202704329703), ('average_loss', 0.09161390886224226)]  / epsilon: 0.710522\n",
      "episode: 5800  / rnd: 504  / miss: 3  / win: 94  / draw: 3  / statistics: [('average_q', 0.82969494735412), ('average_loss', 0.09206391485228789)]  / epsilon: 0.705678\n",
      "episode: 5900  / rnd: 495  / miss: 3  / win: 80  / draw: 17  / statistics: [('average_q', 0.820688449892837), ('average_loss', 0.09043241391742171)]  / epsilon: 0.699056\n",
      "episode: 6000  / rnd: 530  / miss: 4  / win: 83  / draw: 13  / statistics: [('average_q', 0.8162816929862026), ('average_loss', 0.08571391842146119)]  / epsilon: 0.6956260000000001\n",
      "episode: 6100  / rnd: 487  / miss: 5  / win: 86  / draw: 9  / statistics: [('average_q', 0.7998109273273527), ('average_loss', 0.08705582042697126)]  / epsilon: 0.688906\n",
      "episode: 6200  / rnd: 471  / miss: 3  / win: 86  / draw: 11  / statistics: [('average_q', 0.806187714504877), ('average_loss', 0.09057210806516036)]  / epsilon: 0.6839919999999999\n",
      "episode: 6300  / rnd: 457  / miss: 6  / win: 86  / draw: 8  / statistics: [('average_q', 0.7968657701915344), ('average_loss', 0.09008863500509283)]  / epsilon: 0.679134\n",
      "episode: 6400  / rnd: 488  / miss: 10  / win: 78  / draw: 12  / statistics: [('average_q', 0.8131709920579683), ('average_loss', 0.09225476469018563)]  / epsilon: 0.675886\n",
      "episode: 6500  / rnd: 479  / miss: 4  / win: 93  / draw: 3  / statistics: [('average_q', 0.8070332029550278), ('average_loss', 0.08846009783561436)]  / epsilon: 0.669012\n",
      "episode: 6600  / rnd: 464  / miss: 10  / win: 83  / draw: 7  / statistics: [('average_q', 0.7985604108877138), ('average_loss', 0.08767308186650967)]  / epsilon: 0.66421\n",
      "episode: 6700  / rnd: 501  / miss: 7  / win: 78  / draw: 15  / statistics: [('average_q', 0.7877893667840744), ('average_loss', 0.0939798992820064)]  / epsilon: 0.6590720000000001\n",
      "episode: 6800  / rnd: 483  / miss: 12  / win: 80  / draw: 8  / statistics: [('average_q', 0.7865420938007512), ('average_loss', 0.08904116103851178)]  / epsilon: 0.654018\n",
      "episode: 6900  / rnd: 432  / miss: 4  / win: 85  / draw: 11  / statistics: [('average_q', 0.7871738317823662), ('average_loss', 0.08796557076847476)]  / epsilon: 0.649244\n",
      "episode: 7000  / rnd: 490  / miss: 4  / win: 78  / draw: 18  / statistics: [('average_q', 0.7879821975259156), ('average_loss', 0.08554305861852057)]  / epsilon: 0.645996\n",
      "episode: 7100  / rnd: 454  / miss: 3  / win: 85  / draw: 12  / statistics: [('average_q', 0.7743510145344079), ('average_loss', 0.08739215852235693)]  / epsilon: 0.641082\n",
      "episode: 7200  / rnd: 473  / miss: 3  / win: 87  / draw: 10  / statistics: [('average_q', 0.7837491575373335), ('average_loss', 0.09050423789242015)]  / epsilon: 0.63607\n",
      "episode: 7300  / rnd: 451  / miss: 5  / win: 78  / draw: 17  / statistics: [('average_q', 0.7587507689355673), ('average_loss', 0.08814274423182844)]  / epsilon: 0.6293500000000001\n",
      "episode: 7400  / rnd: 452  / miss: 2  / win: 87  / draw: 11  / statistics: [('average_q', 0.7662600846754615), ('average_loss', 0.0897906270982391)]  / epsilon: 0.624282\n",
      "episode: 7500  / rnd: 424  / miss: 4  / win: 87  / draw: 9  / statistics: [('average_q', 0.7669326171715979), ('average_loss', 0.08822170176203809)]  / epsilon: 0.621062\n",
      "episode: 7600  / rnd: 407  / miss: 3  / win: 86  / draw: 11  / statistics: [('average_q', 0.7747301109400007), ('average_loss', 0.08755802967205649)]  / epsilon: 0.614762\n",
      "episode: 7700  / rnd: 412  / miss: 2  / win: 87  / draw: 11  / statistics: [('average_q', 0.7659276332490973), ('average_loss', 0.09352195950456613)]  / epsilon: 0.6112200000000001\n",
      "episode: 7800  / rnd: 430  / miss: 1  / win: 85  / draw: 14  / statistics: [('average_q', 0.7717539127537653), ('average_loss', 0.08493067203115523)]  / epsilon: 0.60632\n",
      "episode: 7900  / rnd: 424  / miss: 1  / win: 92  / draw: 7  / statistics: [('average_q', 0.7754597094080694), ('average_loss', 0.08864233234163572)]  / epsilon: 0.601392\n",
      "episode: 8000  / rnd: 429  / miss: 6  / win: 80  / draw: 14  / statistics: [('average_q', 0.7590931366174072), ('average_loss', 0.09167264357030842)]  / epsilon: 0.5950500000000001\n",
      "episode: 8100  / rnd: 432  / miss: 2  / win: 80  / draw: 18  / statistics: [('average_q', 0.752568599432967), ('average_loss', 0.08949612632325075)]  / epsilon: 0.5900799999999999\n",
      "episode: 8200  / rnd: 438  / miss: 8  / win: 76  / draw: 16  / statistics: [('average_q', 0.7321986013346193), ('average_loss', 0.08460777464650314)]  / epsilon: 0.586048\n",
      "episode: 8300  / rnd: 409  / miss: 1  / win: 85  / draw: 14  / statistics: [('average_q', 0.7325376827439625), ('average_loss', 0.08490686121847058)]  / epsilon: 0.580014\n",
      "episode: 8400  / rnd: 395  / miss: 0  / win: 89  / draw: 11  / statistics: [('average_q', 0.7430524327209227), ('average_loss', 0.08945822341718383)]  / epsilon: 0.5764020000000001\n",
      "episode: 8500  / rnd: 418  / miss: 6  / win: 76  / draw: 18  / statistics: [('average_q', 0.7347109900528771), ('average_loss', 0.08628851062672215)]  / epsilon: 0.5713900000000001\n",
      "episode: 8600  / rnd: 421  / miss: 2  / win: 74  / draw: 24  / statistics: [('average_q', 0.7391309740948173), ('average_loss', 0.08723680883339283)]  / epsilon: 0.565062\n",
      "episode: 8700  / rnd: 420  / miss: 1  / win: 80  / draw: 19  / statistics: [('average_q', 0.7270076316386036), ('average_loss', 0.08686531432987277)]  / epsilon: 0.560036\n",
      "episode: 8800  / rnd: 389  / miss: 5  / win: 72  / draw: 23  / statistics: [('average_q', 0.7112159031853018), ('average_loss', 0.08505642633104409)]  / epsilon: 0.556326\n",
      "episode: 8900  / rnd: 405  / miss: 1  / win: 79  / draw: 20  / statistics: [('average_q', 0.7005927139682191), ('average_loss', 0.08941265068848678)]  / epsilon: 0.550068\n",
      "episode: 9000  / rnd: 410  / miss: 3  / win: 78  / draw: 19  / statistics: [('average_q', 0.6886305955210348), ('average_loss', 0.08329119010783578)]  / epsilon: 0.5459240000000001\n",
      "episode: 9100  / rnd: 365  / miss: 4  / win: 82  / draw: 14  / statistics: [('average_q', 0.6873927209077205), ('average_loss', 0.09057243239027511)]  / epsilon: 0.5411220000000001\n",
      "episode: 9200  / rnd: 373  / miss: 1  / win: 87  / draw: 12  / statistics: [('average_q', 0.7026434559293173), ('average_loss', 0.09047740850124684)]  / epsilon: 0.53555\n",
      "episode: 9300  / rnd: 396  / miss: 1  / win: 88  / draw: 11  / statistics: [('average_q', 0.7007821504175886), ('average_loss', 0.08558673261648747)]  / epsilon: 0.531378\n",
      "episode: 9400  / rnd: 366  / miss: 1  / win: 85  / draw: 14  / statistics: [('average_q', 0.7026112963838343), ('average_loss', 0.09048034592893539)]  / epsilon: 0.525736\n",
      "episode: 9500  / rnd: 349  / miss: 3  / win: 83  / draw: 14  / statistics: [('average_q', 0.69847118935769), ('average_loss', 0.08959987382159437)]  / epsilon: 0.5216620000000001\n",
      "episode: 9600  / rnd: 368  / miss: 3  / win: 73  / draw: 24  / statistics: [('average_q', 0.6775928787749297), ('average_loss', 0.08920427721899042)]  / epsilon: 0.515866\n"
     ]
    },
    {
     "name": "stdout",
     "output_type": "stream",
     "text": [
      "episode: 9700  / rnd: 363  / miss: 3  / win: 86  / draw: 11  / statistics: [('average_q', 0.6741629318778282), ('average_loss', 0.08434566518596688)]  / epsilon: 0.511064\n",
      "episode: 9800  / rnd: 393  / miss: 2  / win: 76  / draw: 22  / statistics: [('average_q', 0.6731528678006696), ('average_loss', 0.08555124488774021)]  / epsilon: 0.50629\n",
      "episode: 9900  / rnd: 347  / miss: 0  / win: 86  / draw: 14  / statistics: [('average_q', 0.6892972632738864), ('average_loss', 0.0888750884400752)]  / epsilon: 0.5015020000000001\n",
      "episode: 10000  / rnd: 345  / miss: 3  / win: 87  / draw: 10  / statistics: [('average_q', 0.6840811369973638), ('average_loss', 0.08595432798814691)]  / epsilon: 0.49663\n",
      "episode: 10100  / rnd: 322  / miss: 4  / win: 77  / draw: 19  / statistics: [('average_q', 0.6837358987134553), ('average_loss', 0.08923349938145955)]  / epsilon: 0.491688\n",
      "episode: 10200  / rnd: 347  / miss: 0  / win: 88  / draw: 12  / statistics: [('average_q', 0.7057333035224204), ('average_loss', 0.08446326997900115)]  / epsilon: 0.48606000000000005\n",
      "episode: 10300  / rnd: 354  / miss: 2  / win: 78  / draw: 20  / statistics: [('average_q', 0.7058163927460058), ('average_loss', 0.08918841829409559)]  / epsilon: 0.48179000000000005\n",
      "episode: 10400  / rnd: 310  / miss: 2  / win: 86  / draw: 12  / statistics: [('average_q', 0.7046454909826724), ('average_loss', 0.08832241801511974)]  / epsilon: 0.47703000000000007\n",
      "episode: 10500  / rnd: 327  / miss: 1  / win: 83  / draw: 16  / statistics: [('average_q', 0.7010750401327256), ('average_loss', 0.08720141592896662)]  / epsilon: 0.471318\n",
      "episode: 10600  / rnd: 344  / miss: 5  / win: 79  / draw: 16  / statistics: [('average_q', 0.6812631757349783), ('average_loss', 0.08910471858058112)]  / epsilon: 0.46655800000000003\n",
      "episode: 10700  / rnd: 324  / miss: 2  / win: 80  / draw: 18  / statistics: [('average_q', 0.6657366958660019), ('average_loss', 0.09077877321052132)]  / epsilon: 0.46164400000000005\n",
      "episode: 10800  / rnd: 315  / miss: 4  / win: 78  / draw: 18  / statistics: [('average_q', 0.670986538267357), ('average_loss', 0.0891209064271833)]  / epsilon: 0.4566180000000001\n",
      "episode: 10900  / rnd: 319  / miss: 5  / win: 77  / draw: 18  / statistics: [('average_q', 0.6534109032386407), ('average_loss', 0.08740322851155774)]  / epsilon: 0.451662\n",
      "episode: 11000  / rnd: 314  / miss: 3  / win: 78  / draw: 19  / statistics: [('average_q', 0.6600540235921418), ('average_loss', 0.08839771609562842)]  / epsilon: 0.44677600000000006\n",
      "episode: 11100  / rnd: 321  / miss: 2  / win: 81  / draw: 17  / statistics: [('average_q', 0.657621763085896), ('average_loss', 0.08780661966355938)]  / epsilon: 0.44288400000000006\n",
      "episode: 11200  / rnd: 313  / miss: 1  / win: 84  / draw: 15  / statistics: [('average_q', 0.6584513666229321), ('average_loss', 0.08408591842734292)]  / epsilon: 0.43798400000000004\n",
      "episode: 11300  / rnd: 327  / miss: 6  / win: 79  / draw: 15  / statistics: [('average_q', 0.6518178374812876), ('average_loss', 0.08847759405813171)]  / epsilon: 0.433084\n",
      "episode: 11400  / rnd: 303  / miss: 4  / win: 84  / draw: 12  / statistics: [('average_q', 0.6510963663611556), ('average_loss', 0.08469202083304203)]  / epsilon: 0.428338\n",
      "episode: 11500  / rnd: 283  / miss: 6  / win: 68  / draw: 26  / statistics: [('average_q', 0.6439490225665426), ('average_loss', 0.08734869887360777)]  / epsilon: 0.42217800000000005\n",
      "episode: 11600  / rnd: 301  / miss: 5  / win: 74  / draw: 21  / statistics: [('average_q', 0.6410150530317947), ('average_loss', 0.08880364613187541)]  / epsilon: 0.41821600000000003\n",
      "episode: 11700  / rnd: 296  / miss: 4  / win: 74  / draw: 22  / statistics: [('average_q', 0.627317117319675), ('average_loss', 0.08573849076658364)]  / epsilon: 0.4119860000000001\n",
      "episode: 11800  / rnd: 310  / miss: 1  / win: 78  / draw: 21  / statistics: [('average_q', 0.6384550111493141), ('average_loss', 0.08913386151019215)]  / epsilon: 0.4081920000000001\n",
      "episode: 11900  / rnd: 291  / miss: 5  / win: 77  / draw: 18  / statistics: [('average_q', 0.6328671416023441), ('average_loss', 0.08869073054451658)]  / epsilon: 0.4020600000000001\n",
      "episode: 12000  / rnd: 316  / miss: 1  / win: 79  / draw: 20  / statistics: [('average_q', 0.6305645653235039), ('average_loss', 0.08754048437414957)]  / epsilon: 0.398112\n",
      "episode: 12100  / rnd: 262  / miss: 0  / win: 81  / draw: 19  / statistics: [('average_q', 0.6394768265138735), ('average_loss', 0.08508497950740586)]  / epsilon: 0.39322599999999996\n",
      "episode: 12200  / rnd: 282  / miss: 0  / win: 86  / draw: 14  / statistics: [('average_q', 0.6488109958745302), ('average_loss', 0.08381936914399232)]  / epsilon: 0.388452\n",
      "episode: 12300  / rnd: 291  / miss: 0  / win: 77  / draw: 23  / statistics: [('average_q', 0.6367280057330122), ('average_loss', 0.08124161038893138)]  / epsilon: 0.38237600000000005\n",
      "episode: 12400  / rnd: 271  / miss: 1  / win: 76  / draw: 23  / statistics: [('average_q', 0.6280332471407708), ('average_loss', 0.08680386251983237)]  / epsilon: 0.37848400000000004\n",
      "episode: 12500  / rnd: 233  / miss: 1  / win: 80  / draw: 19  / statistics: [('average_q', 0.6338540141882445), ('average_loss', 0.08537664688398611)]  / epsilon: 0.3737800000000001\n",
      "episode: 12600  / rnd: 272  / miss: 2  / win: 78  / draw: 20  / statistics: [('average_q', 0.6302124437241327), ('average_loss', 0.08648947750242672)]  / epsilon: 0.368866\n",
      "episode: 12700  / rnd: 267  / miss: 2  / win: 68  / draw: 30  / statistics: [('average_q', 0.6084099382913201), ('average_loss', 0.08339282919048328)]  / epsilon: 0.362468\n",
      "episode: 12800  / rnd: 257  / miss: 1  / win: 72  / draw: 27  / statistics: [('average_q', 0.5991811247737509), ('average_loss', 0.07941952897978317)]  / epsilon: 0.357148\n",
      "episode: 12900  / rnd: 232  / miss: 4  / win: 75  / draw: 21  / statistics: [('average_q', 0.5881941694247215), ('average_loss', 0.08529114139773512)]  / epsilon: 0.35343800000000003\n",
      "episode: 13000  / rnd: 246  / miss: 6  / win: 66  / draw: 28  / statistics: [('average_q', 0.591991239414364), ('average_loss', 0.08397230747539655)]  / epsilon: 0.34837000000000007\n",
      "episode: 13100  / rnd: 238  / miss: 2  / win: 80  / draw: 18  / statistics: [('average_q', 0.6046006428234522), ('average_loss', 0.0867773766292392)]  / epsilon: 0.34223800000000004\n",
      "episode: 13200  / rnd: 225  / miss: 2  / win: 78  / draw: 20  / statistics: [('average_q', 0.6089582098461817), ('average_loss', 0.08875788215645469)]  / epsilon: 0.337338\n",
      "episode: 13300  / rnd: 246  / miss: 7  / win: 73  / draw: 20  / statistics: [('average_q', 0.6023161036133319), ('average_loss', 0.08687531163104119)]  / epsilon: 0.33238200000000007\n",
      "episode: 13400  / rnd: 252  / miss: 2  / win: 75  / draw: 23  / statistics: [('average_q', 0.5872020970181718), ('average_loss', 0.0860146350313207)]  / epsilon: 0.328434\n",
      "episode: 13500  / rnd: 247  / miss: 6  / win: 74  / draw: 20  / statistics: [('average_q', 0.5865781554419305), ('average_loss', 0.08316049708270767)]  / epsilon: 0.32338\n",
      "episode: 13600  / rnd: 219  / miss: 5  / win: 64  / draw: 31  / statistics: [('average_q', 0.5742454890899934), ('average_loss', 0.07949541902879925)]  / epsilon: 0.3182140000000001\n",
      "episode: 13700  / rnd: 221  / miss: 3  / win: 67  / draw: 30  / statistics: [('average_q', 0.5635017125814001), ('average_loss', 0.08545207886134407)]  / epsilon: 0.31314600000000004\n",
      "episode: 13800  / rnd: 228  / miss: 7  / win: 65  / draw: 28  / statistics: [('average_q', 0.561600983968277), ('average_loss', 0.08228769402989612)]  / epsilon: 0.30812000000000006\n",
      "episode: 13900  / rnd: 214  / miss: 4  / win: 79  / draw: 17  / statistics: [('average_q', 0.5704678017275376), ('average_loss', 0.08245157720773162)]  / epsilon: 0.30221200000000004\n",
      "episode: 14000  / rnd: 217  / miss: 1  / win: 67  / draw: 32  / statistics: [('average_q', 0.5658442601598233), ('average_loss', 0.08824204495074277)]  / epsilon: 0.3\n",
      "episode: 14100  / rnd: 204  / miss: 3  / win: 63  / draw: 34  / statistics: [('average_q', 0.5532564331229401), ('average_loss', 0.08403723047101826)]  / epsilon: 0.3\n",
      "episode: 14200  / rnd: 221  / miss: 3  / win: 63  / draw: 34  / statistics: [('average_q', 0.5405491746196252), ('average_loss', 0.08957480450134508)]  / epsilon: 0.3\n",
      "episode: 14300  / rnd: 223  / miss: 1  / win: 59  / draw: 40  / statistics: [('average_q', 0.5374795862932858), ('average_loss', 0.0854182630112411)]  / epsilon: 0.3\n"
     ]
    },
    {
     "name": "stdout",
     "output_type": "stream",
     "text": [
      "episode: 14400  / rnd: 231  / miss: 3  / win: 67  / draw: 30  / statistics: [('average_q', 0.5409521661161119), ('average_loss', 0.08298120317651886)]  / epsilon: 0.3\n",
      "episode: 14500  / rnd: 201  / miss: 2  / win: 75  / draw: 23  / statistics: [('average_q', 0.5481427085711906), ('average_loss', 0.08048439842976354)]  / epsilon: 0.3\n",
      "episode: 14600  / rnd: 213  / miss: 2  / win: 72  / draw: 26  / statistics: [('average_q', 0.5436728626508801), ('average_loss', 0.08046040480842459)]  / epsilon: 0.3\n",
      "episode: 14700  / rnd: 192  / miss: 1  / win: 75  / draw: 24  / statistics: [('average_q', 0.551435393846653), ('average_loss', 0.08282731836565647)]  / epsilon: 0.3\n",
      "episode: 14800  / rnd: 222  / miss: 3  / win: 74  / draw: 23  / statistics: [('average_q', 0.545460425925594), ('average_loss', 0.0810012077912912)]  / epsilon: 0.3\n",
      "episode: 14900  / rnd: 217  / miss: 3  / win: 65  / draw: 32  / statistics: [('average_q', 0.544170652923286), ('average_loss', 0.08279962009805948)]  / epsilon: 0.3\n",
      "episode: 15000  / rnd: 213  / miss: 3  / win: 65  / draw: 32  / statistics: [('average_q', 0.5407629824147584), ('average_loss', 0.0822474706101103)]  / epsilon: 0.3\n",
      "episode: 15100  / rnd: 236  / miss: 3  / win: 75  / draw: 22  / statistics: [('average_q', 0.5455759539039452), ('average_loss', 0.08044145342627151)]  / epsilon: 0.3\n",
      "episode: 15200  / rnd: 214  / miss: 3  / win: 67  / draw: 30  / statistics: [('average_q', 0.532471274622448), ('average_loss', 0.08518074716066264)]  / epsilon: 0.3\n",
      "episode: 15300  / rnd: 214  / miss: 1  / win: 70  / draw: 29  / statistics: [('average_q', 0.530449817434545), ('average_loss', 0.08611003748620212)]  / epsilon: 0.3\n",
      "episode: 15400  / rnd: 221  / miss: 1  / win: 74  / draw: 25  / statistics: [('average_q', 0.5352753673351013), ('average_loss', 0.08380187022798924)]  / epsilon: 0.3\n",
      "episode: 15500  / rnd: 214  / miss: 3  / win: 63  / draw: 34  / statistics: [('average_q', 0.5051644082607895), ('average_loss', 0.08270328180881428)]  / epsilon: 0.3\n",
      "episode: 15600  / rnd: 235  / miss: 1  / win: 61  / draw: 38  / statistics: [('average_q', 0.5165321573709095), ('average_loss', 0.07979188238143563)]  / epsilon: 0.3\n",
      "episode: 15700  / rnd: 208  / miss: 2  / win: 73  / draw: 25  / statistics: [('average_q', 0.5198266495790683), ('average_loss', 0.08630428170677058)]  / epsilon: 0.3\n",
      "episode: 15800  / rnd: 221  / miss: 1  / win: 77  / draw: 22  / statistics: [('average_q', 0.5198380830101546), ('average_loss', 0.08366148426974439)]  / epsilon: 0.3\n",
      "episode: 15900  / rnd: 196  / miss: 5  / win: 64  / draw: 31  / statistics: [('average_q', 0.5221882272180136), ('average_loss', 0.08027408751913873)]  / epsilon: 0.3\n",
      "episode: 16000  / rnd: 235  / miss: 3  / win: 70  / draw: 27  / statistics: [('average_q', 0.5217808903480377), ('average_loss', 0.07966275567647924)]  / epsilon: 0.3\n",
      "episode: 16100  / rnd: 222  / miss: 1  / win: 71  / draw: 28  / statistics: [('average_q', 0.5277117834266228), ('average_loss', 0.08211324161798912)]  / epsilon: 0.3\n",
      "episode: 16200  / rnd: 215  / miss: 1  / win: 67  / draw: 32  / statistics: [('average_q', 0.52206947900451), ('average_loss', 0.0852497193867926)]  / epsilon: 0.3\n",
      "episode: 16300  / rnd: 211  / miss: 5  / win: 72  / draw: 23  / statistics: [('average_q', 0.5269354960252554), ('average_loss', 0.08091648360313448)]  / epsilon: 0.3\n",
      "episode: 16400  / rnd: 242  / miss: 1  / win: 73  / draw: 26  / statistics: [('average_q', 0.5140812989503828), ('average_loss', 0.08009008919692284)]  / epsilon: 0.3\n",
      "episode: 16500  / rnd: 207  / miss: 5  / win: 71  / draw: 24  / statistics: [('average_q', 0.5135841209354546), ('average_loss', 0.0812256726362857)]  / epsilon: 0.3\n",
      "episode: 16600  / rnd: 241  / miss: 1  / win: 60  / draw: 39  / statistics: [('average_q', 0.5079826964938347), ('average_loss', 0.0770988874779674)]  / epsilon: 0.3\n",
      "episode: 16700  / rnd: 202  / miss: 2  / win: 71  / draw: 27  / statistics: [('average_q', 0.5006193975091787), ('average_loss', 0.08177272125778964)]  / epsilon: 0.3\n",
      "episode: 16800  / rnd: 206  / miss: 1  / win: 69  / draw: 30  / statistics: [('average_q', 0.5035383838647699), ('average_loss', 0.08299965621744855)]  / epsilon: 0.3\n",
      "episode: 16900  / rnd: 235  / miss: 0  / win: 67  / draw: 33  / statistics: [('average_q', 0.5008340574951147), ('average_loss', 0.08194715136902457)]  / epsilon: 0.3\n",
